%  GPST                  latitude(deg) longitude(deg)  height(m)   Q  ns   sdn(m)   sde(m)   sdu(m)  sdne(m)  sdeu(m)  sdun(m) age(s)  ratio
2015/06/29 01:21:26.000  -33.791111701  150.740060907    89.9934   6   7   0.4891   0.3546   1.0840  -0.1461   0.3738  -0.3333   0.00    0.0
2015/06/29 01:21:27.000  -33.791111988  150.740060898    90.1656   6   7   0.4822   0.3494   1.0681  -0.1446   0.3691  -0.3288   0.00    0.0
2015/06/29 01:21:28.000  -33.791112252  150.740060790    90.3149   6   7   0.4756   0.3443   1.0530  -0.1431   0.3645  -0.3245   0.00    0.0
2015/06/29 01:21:29.000  -33.791112575  150.740060725    90.4745   6   7   0.4692   0.3395   1.0384  -0.1416   0.3600  -0.3203   0.00    0.0
2015/06/29 01:21:30.000  -33.791112883  150.740060688    90.6201   6   7   0.4631   0.3349   1.0245  -0.1402   0.3557  -0.3163   0.00    0.0
2015/06/29 01:21:31.000  -33.791113095  150.740060566    90.7330   6   7   0.4572   0.3304   1.0111  -0.1388   0.3516  -0.3125   0.00    0.0
2015/06/29 01:21:32.000  -33.791113394  150.740060545    90.8518   6   7   0.4515   0.3261   0.9982  -0.1374   0.3476  -0.3088   0.00    0.0
2015/06/29 01:21:33.000  -33.791113619  150.740060495    90.9662   6   7   0.4461   0.3220   0.9858  -0.1361   0.3437  -0.3052   0.00    0.0
2015/06/29 01:21:34.000  -33.791113772  150.740060478    91.0930   6   7   0.4408   0.3181   0.9739  -0.1348   0.3399  -0.3017   0.00    0.0
2015/06/29 01:21:35.000  -33.791113986  150.740060333    91.2218   6   7   0.4357   0.3142   0.9623  -0.1335   0.3363  -0.2983   0.00    0.0
2015/06/29 01:21:36.000  -33.791114220  150.740060336    91.3323   6   7   0.4308   0.3106   0.9512  -0.1323   0.3328  -0.2951   0.00    0.0
2015/06/29 01:21:37.000  -33.791114437  150.740060309    91.4222   6   7   0.4261   0.3070   0.9405  -0.1311   0.3294  -0.2919   0.00    0.0
2015/06/29 01:21:38.000  -33.791114684  150.740060299    91.5134   6   7   0.4215   0.3036   0.9301  -0.1299   0.3260  -0.2889   0.00    0.0
2015/06/29 01:21:39.000  -33.791114796  150.740060322    91.5930   6   7   0.4170   0.3003   0.9200  -0.1288   0.3228  -0.2859   0.00    0.0
2015/06/29 01:21:40.000  -33.791114952  150.740060373    91.6721   6   7   0.4127   0.2970   0.9103  -0.1276   0.3197  -0.2831   0.00    0.0
2015/06/29 01:21:41.000  -33.791115188  150.740060351    91.7455   6   7   0.4085   0.2939   0.9009  -0.1265   0.3167  -0.2803   0.00    0.0
2015/06/29 01:21:42.000  -33.791115360  150.740060332    91.8189   6   7   0.4045   0.2909   0.8917  -0.1255   0.3137  -0.2776   0.00    0.0
2015/06/29 01:21:43.000  -33.791115627  150.740060348    91.8953   6   7   0.4005   0.2880   0.8828  -0.1244   0.3108  -0.2749   0.00    0.0
2015/06/29 01:21:44.000  -33.791115858  150.740060346    91.9630   6   7   0.3967   0.2851   0.8742  -0.1234   0.3080  -0.2724   0.00    0.0
2015/06/29 01:21:45.000  -33.791116100  150.740060345    92.0257   6   7   0.3930   0.2824   0.8659  -0.1224   0.3053  -0.2699   0.00    0.0
2015/06/29 01:21:46.000  -33.791116349  150.740060311    92.0993   6   7   0.3894   0.2797   0.8577  -0.1214   0.3026  -0.2675   0.00    0.0
2015/06/29 01:21:47.000  -33.791116540  150.740060227    92.1855   6   7   0.3859   0.2771   0.8498  -0.1204   0.3000  -0.2651   0.00    0.0
2015/06/29 01:21:48.000  -33.791116814  150.740060263    92.2656   6   7   0.3824   0.2746   0.8421  -0.1195   0.2975  -0.2628   0.00    0.0
2015/06/29 01:21:49.000  -33.791117004  150.740060274    92.3389   6   7   0.3791   0.2721   0.8347  -0.1186   0.2951  -0.2605   0.00    0.0
2015/06/29 01:21:50.000  -33.791117256  150.740060243    92.4162   6   7   0.3758   0.2697   0.8274  -0.1177   0.2927  -0.2583   0.00    0.0
2015/06/29 01:21:51.000  -33.791117460  150.740060174    92.4996   6   7   0.3727   0.2674   0.8203  -0.1168   0.2903  -0.2562   0.00    0.0
2015/06/29 01:21:52.000  -33.791117652  150.740060075    92.5700   6   7   0.3696   0.2651   0.8133  -0.1159   0.2880  -0.2541   0.00    0.0
2015/06/29 01:21:53.000  -33.791117824  150.740060069    92.6303   6   7   0.3666   0.2629   0.8066  -0.1151   0.2858  -0.2521   0.00    0.0
2015/06/29 01:21:54.000  -33.791117971  150.740060009    92.6729   6   7   0.3636   0.2607   0.8000  -0.1142   0.2836  -0.2501   0.00    0.0
2015/06/29 01:21:55.000  -33.791118176  150.740059948    92.7319   6   7   0.3608   0.2586   0.7936  -0.1134   0.2814  -0.2481   0.00    0.0
2015/06/29 01:21:56.000  -33.791118371  150.740059955    92.7870   6   7   0.3580   0.2565   0.7873  -0.1126   0.2794  -0.2462   0.00    0.0
2015/06/29 01:21:57.000  -33.791118502  150.740059911    92.8329   6   7   0.3552   0.2545   0.7812  -0.1118   0.2773  -0.2444   0.00    0.0
2015/06/29 01:21:58.000  -33.791118607  150.740059804    92.8917   6   7   0.3526   0.2526   0.7752  -0.1111   0.2753  -0.2426   0.00    0.0
2015/06/29 01:21:59.000  -33.791118739  150.740059676    92.9540   6   7   0.3499   0.2506   0.7693  -0.1103   0.2733  -0.2408   0.00    0.0
