%  GPST                  latitude(deg) longitude(deg)  height(m)   Q  ns   sdn(m)   sde(m)   sdu(m)  sdne(m)  sdeu(m)  sdun(m) age(s)  ratio
2015/06/29 02:27:05.000  -33.791104433  150.740063651    94.2824   5   9   2.2539   1.8297   4.7936  -0.7828  -1.7958   1.5037   0.00    0.0
2015/06/29 02:27:07.000  -33.791106340  150.740062178    94.3124   5   9   2.2539   1.8296   4.7951  -0.7832  -1.7959   1.5053   2.00    0.0
2015/06/29 02:27:08.000  -33.791106840  150.740062290    94.6827   5   9   2.2539   1.8295   4.7958  -0.7834  -1.7960   1.5061   3.00    0.0
2015/06/29 02:27:11.000  -33.791108836  150.740060970    95.5232   5   9   2.2540   1.8293   4.7981  -0.7840  -1.7962   1.5084   3.00    0.0
2015/06/29 02:27:13.000  -33.791108088  150.740061494    95.2303   5   9   2.2540   1.8292   4.7995  -0.7844  -1.7963   1.5100   3.00    0.0
2015/06/29 02:27:14.000  -33.791108406  150.740060659    95.3261   5   9   2.2540   1.8291   4.8003  -0.7846  -1.7964   1.5108   3.00    0.0
2015/06/29 02:27:15.000  -33.791109672  150.740059363    94.9889   5   9   2.2541   1.8290   4.8010  -0.7848  -1.7965   1.5116   3.00    0.0
2015/06/29 02:27:16.000  -33.791110931  150.740061588    94.7299   5   9   2.2541   1.8290   4.8018  -0.7850  -1.7965   1.5124   3.00    0.0
2015/06/29 02:27:17.000  -33.791111533  150.740060628    95.4966   5   9   2.2541   1.8289   4.8025  -0.7852  -1.7966   1.5132   2.00    0.0
2015/06/29 02:27:18.000  -33.791113492  150.740058888    95.2209   5   9   2.2605   1.8305   5.3978  -0.7938  -1.8493   1.6463   3.00    0.0
2015/06/29 02:27:19.000  -33.791113080  150.740060019    96.1506   5   9   2.2605   1.8304   5.3987  -0.7940  -1.8494   1.6471   3.00    0.0
2015/06/29 02:27:21.000  -33.791116080  150.740059455    95.6039   5   9   2.2606   1.8303   5.4005  -0.7943  -1.8495   1.6486   3.00    0.0
2015/06/29 02:27:23.000  -33.791115981  150.740056500    96.1953   5   9   2.2606   1.8301   5.4023  -0.7947  -1.8496   1.6501   3.00    0.0
2015/06/29 02:27:25.000  -33.791118768  150.740058677    95.9936   5   9   2.2606   1.8300   5.4041  -0.7951  -1.8497   1.6516   3.00    0.0
2015/06/29 02:27:26.000  -33.791116052  150.740056730    95.9326   5   9   2.2607   1.8299   5.4050  -0.7953  -1.8497   1.6523   2.00    0.0
2015/06/29 02:27:27.000  -33.791118532  150.740057053    96.2413   5   9   2.2607   1.8299   5.4059  -0.7955  -1.8498   1.6531   3.00    0.0
2015/06/29 02:27:28.000  -33.791117841  150.740056344    95.4957   5   9   2.2607   1.8298   5.4068  -0.7957  -1.8499   1.6538   2.00    0.0
2015/06/29 02:27:29.000  -33.791119863  150.740058232    95.8814   5   9   2.2607   1.8297   5.4077  -0.7959  -1.8499   1.6546   3.00    0.0
2015/06/29 02:27:33.000  -33.791122876  150.740058826    95.9918   5   9   2.2608   1.8294   5.4113  -0.7967  -1.8501   1.6576   3.00    0.0
2015/06/29 02:27:34.000  -33.791121756  150.740056443    96.3022   5   9   2.2608   1.8294   5.4122  -0.7968  -1.8502   1.6583   3.00    0.0
2015/06/29 02:27:35.000  -33.791124164  150.740056600    94.6086   5   9   2.2608   1.8293   5.4131  -0.7970  -1.8502   1.6591   3.00    0.0
2015/06/29 02:27:37.000  -33.791123145  150.740057403    94.2075   5   9   2.2609   1.8292   5.4149  -0.7974  -1.8504   1.6606   3.00    0.0
2015/06/29 02:27:38.000  -33.791124276  150.740058370    93.9538   5   9   2.2609   1.8291   5.4158  -0.7976  -1.8504   1.6613   3.00    0.0
2015/06/29 02:27:39.000  -33.791124764  150.740055851    94.3825   5   9   2.2609   1.8290   5.4167  -0.7978  -1.8505   1.6621   3.00    0.0
2015/06/29 02:27:40.000  -33.791125677  150.740056191    94.4643   5   9   2.2609   1.8290   5.4176  -0.7980  -1.8505   1.6628   2.00    0.0
2015/06/29 02:27:41.000  -33.791126798  150.740056098    94.3281   5   9   2.2610   1.8289   5.4185  -0.7982  -1.8506   1.6636   3.00    0.0
2015/06/29 02:27:44.000  -33.791128097  150.740053208    93.9111   5   9   2.2610   1.8287   5.4212  -0.7988  -1.8507   1.6658   3.00    0.0
2015/06/29 02:27:45.000  -33.791124520  150.740053921    95.0450   5   9   2.2610   1.8286   5.4221  -0.7989  -1.8508   1.6666   3.00    0.0
2015/06/29 02:27:46.000  -33.791122219  150.740054389    95.0165   5   9   2.2611   1.8285   5.4230  -0.7991  -1.8508   1.6673   3.00    0.0
2015/06/29 02:27:47.000  -33.791123989  150.740055529    93.5594   5   9   2.2611   1.8285   5.4239  -0.7993  -1.8509   1.6681   3.00    0.0
2015/06/29 02:27:51.000  -33.791127559  150.740051748    93.8438   5   9   2.2612   1.8282   5.4275  -0.8001  -1.8511   1.6711   3.00    0.0
2015/06/29 02:27:52.000  -33.791128844  150.740056443    93.5451   5   9   2.2612   1.8281   5.4284  -0.8003  -1.8512   1.6718   3.00    0.0
2015/06/29 02:27:53.000  -33.791130561  150.740056469    93.0402   5   9   2.2612   1.8281   5.4293  -0.8005  -1.8512   1.6726   4.00    0.0
2015/06/29 02:27:54.000  -33.791127710  150.740055772    93.9386   5   9   2.2612   1.8280   5.4302  -0.8007  -1.8513   1.6734   5.00    0.0
2015/06/29 02:27:56.000  -33.791131546  150.740054996    93.1535   5   9   2.2613   1.8279   5.4320  -0.8010  -1.8514   1.6749   7.00    0.0
2015/06/29 02:27:57.000  -33.791128899  150.740055905    92.1432   5   9   2.2613   1.8278   5.4329  -0.8012  -1.8515   1.6756   8.00    0.0
2015/06/29 02:27:58.000  -33.791130190  150.740056169    91.9909   5   9   2.2613   1.8277   5.4338  -0.8014  -1.8515   1.6764   9.00    0.0
2015/06/29 02:27:59.000  -33.791132077  150.740057103    93.8138   5   9   2.2614   1.8277   5.4347  -0.8016  -1.8516   1.6771  10.00    0.0
2015/06/29 02:28:02.000  -33.791130814  150.740056120    94.5510   5   9   2.2614   1.8275   5.4374  -0.8022  -1.8517   1.6794  13.00    0.0
2015/06/29 02:28:03.000  -33.791129192  150.740055271    93.8080   5   9   2.2615   1.8274   5.4383  -0.8024  -1.8518   1.6801  14.00    0.0
2015/06/29 02:28:04.000  -33.791128793  150.740054676    94.2978   5   9   2.2615   1.8273   5.4392  -0.8026  -1.8519   1.6809  15.00    0.0
2015/06/29 02:28:05.000  -33.791130082  150.740055124    94.2331   5   9   2.2615   1.8273   5.4401  -0.8028  -1.8519   1.6816  16.00    0.0
2015/06/29 02:28:06.000  -33.791130111  150.740054386    93.6200   5   9   2.2615   1.8272   5.4410  -0.8029  -1.8520   1.6824  17.00    0.0
2015/06/29 02:28:08.000  -33.791129208  150.740052107    92.8463   5   9   2.2616   1.8270   5.4428  -0.8033  -1.8521   1.6839  19.00    0.0
2015/06/29 02:28:09.000  -33.791126534  150.740054624    94.0144   5   9   2.2616   1.8270   5.4437  -0.8035  -1.8521   1.6846  20.00    0.0
2015/06/29 02:28:10.000  -33.791131241  150.740054682    93.3012   5   9   2.2616   1.8269   5.4446  -0.8037  -1.8522   1.6854  21.00    0.0
2015/06/29 02:28:11.000  -33.791131084  150.740053472    93.3190   5   9   2.2617   1.8268   5.4455  -0.8039  -1.8522   1.6861  22.00    0.0
2015/06/29 02:28:14.000  -33.791129946  150.740053909    92.7068   5   9   2.2617   1.8266   5.4483  -0.8045  -1.8524   1.6884   2.00    0.0
2015/06/29 02:28:15.000  -33.791129152  150.740055170    92.6327   5   9   2.2618   1.8266   5.4492  -0.8047  -1.8525   1.6891   3.00    0.0
2015/06/29 02:28:16.000  -33.791128024  150.740055368    92.9565   5   9   2.2618   1.8265   5.4501  -0.8048  -1.8525   1.6899   3.00    0.0
2015/06/29 02:28:17.000  -33.791127402  150.740054005    92.8638   5   9   2.2618   1.8264   5.4510  -0.8050  -1.8526   1.6906   3.00    0.0
2015/06/29 02:28:20.000  -33.791131060  150.740053092    92.9343   5   9   2.2619   1.8262   5.4537  -0.8056  -1.8528   1.6929   2.00    0.0
2015/06/29 02:28:21.000  -33.791135175  150.740055353    92.7754   5   9   2.2619   1.8262   5.4546  -0.8058  -1.8528   1.6936   3.00    0.0
2015/06/29 02:28:22.000  -33.791136126  150.740054492    92.3996   5   9   2.2619   1.8261   5.4555  -0.8060  -1.8529   1.6944   2.00    0.0
2015/06/29 02:28:23.000  -33.791132110  150.740055512    92.7132   5   9   2.2620   1.8260   5.4564  -0.8062  -1.8529   1.6951   3.00    0.0
2015/06/29 02:28:27.000  -33.791129909  150.740056502    92.4256   5   9   2.2621   1.8258   5.4601  -0.8069  -1.8532   1.6981   2.00    0.0
2015/06/29 02:28:28.000  -33.791128990  150.740058730    93.2304   5   9   2.2621   1.8257   5.4610  -0.8071  -1.8532   1.6989   3.00    0.0
2015/06/29 02:28:29.000  -33.791128894  150.740060731    93.1010   5   9   2.2621   1.8256   5.4619  -0.8073  -1.8533   1.6996   4.00    0.0
2015/06/29 02:28:31.000  -33.791124920  150.740058806    93.1218   5   9   2.2622   1.8255   5.4637  -0.8077  -1.8534   1.7011   4.00    0.0
2015/06/29 02:28:32.000  -33.791125751  150.740058079    93.2680   5   9   2.2622   1.8254   5.4646  -0.8079  -1.8534   1.7019   2.00    0.0
2015/06/29 02:28:33.000  -33.791126198  150.740060986    92.9807   5   9   2.2622   1.8254   5.4655  -0.8081  -1.8535   1.7026   3.00    0.0
2015/06/29 02:28:34.000  -33.791126770  150.740056438    93.2450   5   9   2.2623   1.8253   5.4664  -0.8083  -1.8536   1.7034   3.00    0.0
2015/06/29 02:28:35.000  -33.791129307  150.740057872    92.8640   5   9   2.2623   1.8252   5.4673  -0.8084  -1.8536   1.7041   2.00    0.0
2015/06/29 02:28:37.000  -33.791128427  150.740060163    92.2149   5   9   2.2624   1.8251   5.4692  -0.8088  -1.8537   1.7056   3.00    0.0
2015/06/29 02:28:38.000  -33.791126417  150.740055316    92.3341   5   9   2.2624   1.8250   5.4701  -0.8090  -1.8538   1.7064   3.00    0.0
2015/06/29 02:28:39.000  -33.791126996  150.740056983    93.8305   5   9   2.2624   1.8250   5.4710  -0.8092  -1.8538   1.7071   3.00    0.0
2015/06/29 02:28:40.000  -33.791126509  150.740056962    93.4821   5   9   2.2624   1.8249   5.4719  -0.8094  -1.8539   1.7079   3.00    0.0
2015/06/29 02:28:41.000  -33.791127737  150.740058297    91.7275   5   9   2.2625   1.8248   5.4728  -0.8096  -1.8540   1.7087   3.00    0.0
2015/06/29 02:28:44.000  -33.791125363  150.740057217    92.4298   5   9   2.2626   1.8246   5.4755  -0.8101  -1.8541   1.7109   3.00    0.0
2015/06/29 02:28:45.000  -33.791122640  150.740058331    91.7816   5   9   2.2626   1.8246   5.4764  -0.8103  -1.8542   1.7117   3.00    0.0
2015/06/29 02:28:46.000  -33.791121936  150.740059162    93.3295   5   9   2.2626   1.8245   5.4774  -0.8105  -1.8542   1.7124   4.00    0.0
2015/06/29 02:28:47.000  -33.791122330  150.740057049    93.3117   5   9   2.2627   1.8244   5.4783  -0.8107  -1.8543   1.7132   4.00    0.0
2015/06/29 02:28:50.000  -33.791123937  150.740059466    93.2233   5   9   2.2627   1.8242   5.4810  -0.8113  -1.8545   1.7154   3.00    0.0
2015/06/29 02:28:51.000  -33.791125908  150.740060270    93.9716   5   9   2.2628   1.8242   5.4819  -0.8115  -1.8545   1.7162   2.00    0.0
2015/06/29 02:28:52.000  -33.791124025  150.740058481    93.9100   5   9   2.2628   1.8241   5.4828  -0.8117  -1.8546   1.7169   3.00    0.0
2015/06/29 02:28:53.000  -33.791123598  150.740057030    94.6672   5   9   2.2628   1.8241   5.4837  -0.8118  -1.8546   1.7177   3.00    0.0
2015/06/29 02:28:55.000  -33.791126721  150.740058113    93.7745   5   9   2.2629   1.8239   5.4856  -0.8122  -1.8548   1.7192   3.00    0.0
2015/06/29 02:28:59.000  -33.791122488  150.740057145    93.3968   5   9   2.2630   1.8237   5.4892  -0.8130  -1.8550   1.7222   3.00    0.0
2015/06/29 02:29:01.000  -33.791121306  150.740060056    93.2707   5   9   2.2631   1.8235   5.4911  -0.8133  -1.8551   1.7237   3.00    0.0
2015/06/29 02:29:02.000  -33.791121269  150.740061072    93.7701   5   9   2.2631   1.8235   5.4920  -0.8135  -1.8552   1.7244   3.00    0.0
2015/06/29 02:29:03.000  -33.791122764  150.740062151    93.0821   5   9   2.2632   1.8234   5.4929  -0.8137  -1.8552   1.7252   3.00    0.0
2015/06/29 02:29:04.000  -33.791125072  150.740063558    92.6627   5   9   2.2632   1.8233   5.4938  -0.8139  -1.8553   1.7259   3.00    0.0
2015/06/29 02:29:05.000  -33.791124511  150.740064009    92.2490   5   9   2.2632   1.8233   5.4947  -0.8141  -1.8553   1.7267   3.00    0.0
2015/06/29 02:29:06.000  -33.791122311  150.740062834    93.0463   5   9   2.2632   1.8232   5.4956  -0.8143  -1.8554   1.7274   3.00    0.0
2015/06/29 02:29:07.000  -33.791122041  150.740061791    92.5207   5   9   2.2633   1.8231   5.4966  -0.8145  -1.8555   1.7282   3.00    0.0
2015/06/29 02:29:08.000  -33.791122547  150.740061487    92.6187   5   9   2.2633   1.8231   5.4975  -0.8147  -1.8555   1.7289   3.00    0.0
2015/06/29 02:29:09.000  -33.791124893  150.740063020    91.9854   5   9   2.2633   1.8230   5.4984  -0.8148  -1.8556   1.7297   2.00    0.0
2015/06/29 02:29:10.000  -33.791123104  150.740067482    91.4646   5   9   2.2634   1.8229   5.4993  -0.8150  -1.8556   1.7305   3.00    0.0
2015/06/29 02:29:11.000  -33.791123279  150.740066207    90.4617   5   9   2.2634   1.8229   5.5002  -0.8152  -1.8557   1.7312   2.00    0.0
2015/06/29 02:29:13.000  -33.791121761  150.740066439    91.7793   5   9   2.2635   1.8227   5.5021  -0.8156  -1.8558   1.7327   3.00    0.0
2015/06/29 02:29:14.000  -33.791125072  150.740066669    91.7485   5   9   2.2635   1.8227   5.5030  -0.8158  -1.8559   1.7335   3.00    0.0
2015/06/29 02:29:15.000  -33.791120822  150.740062308    91.7808   5   9   2.2635   1.8226   5.5039  -0.8160  -1.8559   1.7342   2.00    0.0
2015/06/29 02:29:16.000  -33.791122805  150.740064024    91.9427   5   9   2.2636   1.8226   5.5048  -0.8162  -1.8560   1.7350   3.00    0.0
2015/06/29 02:29:17.000  -33.791121882  150.740062973    91.7955   5   9   2.2636   1.8225   5.5057  -0.8163  -1.8560   1.7357   3.00    0.0
2015/06/29 02:29:20.000  -33.791120108  150.740063485    91.4563   5   9   2.2637   1.8223   5.5085  -0.8169  -1.8562   1.7380   5.00    0.0
2015/06/29 02:29:22.000  -33.791121887  150.740067773    90.8011   5   9   2.2638   1.8222   5.5103  -0.8173  -1.8563   1.7395   7.00    0.0
2015/06/29 02:29:23.000  -33.791122384  150.740066313    91.2284   5   9   2.2638   1.8221   5.5112  -0.8175  -1.8564   1.7402   8.00    0.0
2015/06/29 02:29:25.000  -33.791124776  150.740071343    90.0381   5   9   2.2639   1.8220   5.5131  -0.8178  -1.8565   1.7417  10.00    0.0
2015/06/29 02:29:26.000  -33.791125666  150.740069892    90.6554   5   9   2.2639   1.8219   5.5140  -0.8180  -1.8566   1.7425  11.00    0.0
2015/06/29 02:29:27.000  -33.791126033  150.740071028    90.9474   5   9   2.2640   1.8218   5.5149  -0.8182  -1.8566   1.7432  11.00    0.0
2015/06/29 02:29:28.000  -33.791122911  150.740070313    90.3425   5   9   2.2640   1.8218   5.5158  -0.8184  -1.8567   1.7440  12.00    0.0
2015/06/29 02:29:29.000  -33.791123132  150.740068954    89.8769   5   9   2.2640   1.8217   5.5168  -0.8186  -1.8567   1.7447  13.00    0.0
2015/06/29 02:29:32.000  -33.791122043  150.740073027    90.1420   5   9   2.2641   1.8215   5.5195  -0.8191  -1.8569   1.7470  16.00    0.0
2015/06/29 02:29:33.000  -33.791121671  150.740068186    88.7819   5   9   2.2642   1.8215   5.5204  -0.8193  -1.8570   1.7478  17.00    0.0
